11 0.727000 0.221333 0.170000 0.144000
11 0.853000 0.309333 0.202000 0.128000
11 0.671000 0.280000 0.102000 0.160000
11 0.750000 0.333333 0.180000 0.138667
11 0.805000 0.428000 0.202000 0.152000
11 0.662000 0.484000 0.088000 0.189333
11 0.555000 0.341333 0.150000 0.154667
11 0.519000 0.236000 0.182000 0.141333
11 0.392000 0.277333 0.168000 0.101333
11 0.455000 0.340000 0.174000 0.098667
11 0.432000 0.392000 0.112000 0.160000
11 0.498000 0.481333 0.176000 0.114667
11 0.511000 0.570667 0.198000 0.149333
11 0.385000 0.644000 0.218000 0.141333
11 0.173000 0.761333 0.158000 0.157333
11 0.112000 0.834667 0.160000 0.133333
11 0.327000 0.906667 0.242000 0.149333
12 0.438000 0.138667 0.132000 0.112000
