5 0.649000 0.856000 0.274000 0.133333
5 0.873000 0.829333 0.126000 0.080000
5 0.967000 0.840000 0.066000 0.112000
5 0.567000 0.640000 0.238000 0.218667
5 0.788000 0.538667 0.100000 0.128000
5 0.922000 0.544000 0.156000 0.128000
5 0.973000 0.450667 0.054000 0.080000
5 0.903000 0.386667 0.082000 0.074667
5 0.946000 0.333333 0.056000 0.048000
5 0.989000 0.330667 0.022000 0.042667
5 0.969000 0.285333 0.042000 0.042667
5 0.931000 0.292000 0.034000 0.045333
5 0.885000 0.264000 0.034000 0.053333
5 0.873000 0.218667 0.026000 0.037333
5 0.901000 0.236000 0.038000 0.029333
5 0.850000 0.256000 0.044000 0.026667
5 0.853000 0.284000 0.046000 0.040000
5 0.816000 0.265333 0.036000 0.029333
5 0.785000 0.365333 0.058000 0.069333
5 0.813000 0.329333 0.046000 0.088000
5 0.726000 0.392000 0.128000 0.090667
5 0.716000 0.445333 0.112000 0.085333
5 0.800000 0.457333 0.068000 0.050667
5 0.726000 0.313333 0.052000 0.077333
5 0.645000 0.346667 0.150000 0.149333
5 0.606000 0.280000 0.044000 0.053333
5 0.653000 0.262667 0.034000 0.056000
5 0.700000 0.221333 0.060000 0.080000
5 0.679000 0.256000 0.038000 0.080000
5 0.689000 0.193333 0.026000 0.040000
5 0.720000 0.192000 0.032000 0.048000
5 0.767000 0.229333 0.038000 0.048000
5 0.765000 0.269333 0.046000 0.048000
5 0.783000 0.153333 0.030000 0.050667
5 0.819000 0.196000 0.022000 0.040000
5 0.845000 0.174667 0.030000 0.034667
5 0.708000 0.146667 0.016000 0.032000
5 0.722000 0.145333 0.012000 0.040000
5 0.729000 0.146667 0.018000 0.037333
5 0.674000 0.160000 0.016000 0.042667
5 0.651000 0.150667 0.026000 0.040000
5 0.620000 0.150667 0.020000 0.034667
5 0.601000 0.138667 0.014000 0.037333
5 0.585000 0.129333 0.022000 0.050667
5 0.092000 0.614667 0.092000 0.162667
5 0.027000 0.577333 0.050000 0.040000
5 0.167000 0.606667 0.054000 0.178667
5 0.415000 0.508000 0.150000 0.200000
5 0.489000 0.502667 0.130000 0.120000
5 0.582000 0.552000 0.072000 0.074667
5 0.352000 0.318667 0.108000 0.114667
5 0.217000 0.353333 0.150000 0.077333
5 0.130000 0.358667 0.072000 0.109333
5 0.046000 0.349333 0.080000 0.085333
5 0.062000 0.241333 0.044000 0.088000
5 0.032000 0.256000 0.060000 0.074667
5 0.137000 0.254667 0.050000 0.104000
5 0.154000 0.272000 0.060000 0.069333
5 0.213000 0.270667 0.054000 0.066667
5 0.247000 0.234667 0.062000 0.080000
5 0.260000 0.202667 0.028000 0.053333
5 0.280000 0.181333 0.024000 0.053333
5 0.300000 0.178667 0.024000 0.069333
5 0.331000 0.172000 0.030000 0.040000
5 0.309000 0.246667 0.026000 0.056000
5 0.335000 0.245333 0.018000 0.048000
5 0.353000 0.245333 0.014000 0.058667
5 0.376000 0.262667 0.028000 0.056000
5 0.431000 0.280000 0.038000 0.058667
5 0.425000 0.244000 0.026000 0.040000
5 0.398000 0.202667 0.048000 0.042667
5 0.427000 0.194667 0.026000 0.048000
5 0.447000 0.197333 0.030000 0.032000
5 0.089000 0.204000 0.030000 0.045333
5 0.126000 0.204000 0.032000 0.045333
5 0.144000 0.205333 0.020000 0.048000
5 0.163000 0.181333 0.022000 0.058667
5 0.168000 0.152000 0.028000 0.026667
5 0.193000 0.150667 0.026000 0.040000
5 0.224000 0.154667 0.028000 0.032000
5 0.217000 0.178667 0.030000 0.037333
5 0.251000 0.173333 0.018000 0.021333
5 0.331000 0.145333 0.022000 0.045333
5 0.359000 0.130667 0.022000 0.026667
5 0.373000 0.125333 0.022000 0.053333
5 0.394000 0.134667 0.028000 0.045333
5 0.406000 0.152000 0.004000 0.010667
5 0.421000 0.129333 0.022000 0.034667
5 0.445000 0.140000 0.026000 0.045333
5 0.456000 0.126667 0.008000 0.018667
5 0.491000 0.173333 0.022000 0.069333
5 0.489000 0.133333 0.018000 0.058667
5 0.518000 0.126667 0.024000 0.050667
5 0.542000 0.133333 0.020000 0.053333
5 0.566000 0.124000 0.020000 0.082667
5 0.498000 0.274667 0.084000 0.112000
5 0.539000 0.366667 0.114000 0.141333
5 0.471000 0.388000 0.054000 0.050667
