0 0.495000 0.510667 0.310000 0.568000
2 0.267000 0.502667 0.090000 0.061333
2 0.081000 0.569333 0.050000 0.045333
2 0.022000 0.542667 0.040000 0.040000
2 0.399000 0.861333 0.050000 0.064000
2 0.447000 0.868000 0.038000 0.040000
2 0.592000 0.656000 0.132000 0.085333
2 0.606000 0.726667 0.036000 0.034667
2 0.547000 0.833333 0.054000 0.050667
2 0.585000 0.890667 0.042000 0.048000
2 0.575000 0.932000 0.046000 0.050667
2 0.660000 0.872000 0.036000 0.048000
2 0.712000 0.877333 0.060000 0.053333
2 0.914000 0.897333 0.036000 0.040000
2 0.325000 0.970667 0.142000 0.058667
2 0.229000 0.970667 0.066000 0.058667
2 0.235000 0.885333 0.086000 0.032000
